0.1
0.1
0.1023636842
0.106831304
0.113227556
0.1214461678
0.1314381736
0.1432031074
0.1567825188
0.1722553472
0.1897347966
0.209366436
0.2313273182
0.2558259568
0.2831030477
0.3134328487
0.3471251618
0.3845278801
0.4260300804
0.4720656559
0.5231174944
0.5797222173
0.6424755011
0.7120380089
0.7891419627
0.874598388
0.9693050595
1.0742551711
1.1905467418
1.3193927488
1.462131952
1.620240329
1.7953429795
1.9892262701
2.2038498679
2.4413581438
2.7040901948
2.9945874228
3.3155971817
3.6700704467
4.0611507122
4.4921503549
4.9665094522
5.4877304702
6.0592803003
6.6844488307
7.3661506552
8.1066538796
8.907217708
9.7676194236
10.6855528632
11.6558866627
12.669784415
13.7137143032
14.7684168935
15.8079595485
16.7990831899
17.7011318551
18.4669230362
19.0449238313
19.3829863346
19.4336123306
19.1602552237
18.543616756
17.5864704818
16.3155229646
14.7793949776
13.0428768805
11.1787641562
9.2592662203
7.348888486
5.4999378098
3.7508380406
2.1267047255
0.6413114634
-0.7003738797
-1.8996721629
-2.9620226557
-3.8952820307
-4.7084883829
-5.4110240795
-6.0120916866
-6.5204203741
-6.9441329083
-7.2907182659
-7.5670686125
-7.7795507201
-7.9340907732
-8.0362582902
-8.0913400267
-8.1043986281
-8.0803137607
-8.02380568
-7.9394428236
-7.8316361174
-7.7046233323
-7.5624470664
-7.4089298299
-7.2476493444
-7.0819166195
-6.914758713
-6.7489074046
-6.5867943627
-6.430552828
-6.2820253806
-6.1427770346
-6.0141126925
-5.897097898
-5.7925818105
-5.7012213872
-5.6235058599
-5.5597807255
-5.5102706126
-5.4751005249
-5.4543150945
-5.4478955931
-5.4557745444
-5.4778478591
-5.5139844714
-5.5640334975
-5.6278289621
-5.705192154
-5.7959316755
-5.8998412493
-6.0166953416
-6.1462426547
-6.2881975389
-6.4422293767
-6.6079500066
-6.7848992754
-6.972528852
-7.1701844966
-7.3770870629
-7.5923126264
-7.8147722674
-8.0431922131
-8.2760952332
-8.5117844054
-8.7483305904
-8.9835651708
-9.2150797965
-9.4402349882
-9.6561794654
-9.8598819198
-10.0481766196
-10.2178236595
-10.3655838496
-10.4883071693
-10.5830324403
-10.6470944989
-10.6782337903
-10.6747021614
-10.6353578762
-10.5597427046
-10.4481344798
-10.3015698228
-10.1218337357
-9.9114152771
-9.6734312763
-9.4115226705
-9.12973022
-8.8323578104
-8.5238321131
-8.2085670506
-7.8908403947
-7.5746881547
-7.2638204303
-6.9615604022
-6.6708063097
-6.3940147928
-6.1332029223
-5.8899656131
-5.665504878
-5.4606674474
-5.2759875734
-5.1117322689
-4.9679467269
-4.8444981722
-4.7411168699
-4.6574334348
-4.593011933
-4.5473785499
-4.5200458059
-4.510532456
-4.5183793048
-4.5431612225
-4.5844956727
-4.6420480486
-4.7155340949
-4.8047196453
-4.9094178581
-5.0294840728
-5.1648083511
-5.3153057074
-5.4809039712
-5.6615291794
-5.857088347
-6.0674494398
-6.2924183599
-6.5317127684
-6.7849326175
-7.0515273549
-7.3307599053
-7.6216677488
-7.9230217015
-8.2332833891
-8.5505628787
-8.8725785089
-9.1966216112
-9.519529519
-9.8376709499
-10.1469484349
-10.4428228311
-10.7203649348
-10.9743386379
-11.1993187724
-11.3898446401
-11.5406071951
-11.6466640579
-11.7036722883
-11.7081246677
-11.6575718165
-11.550810583
-11.3880194651
-11.1708247864
-10.9022869022
-10.5868032894
-10.2299339227
-9.8381624981
-9.4186134878
-8.9787486812
-8.5260673292
-8.0678314343
-7.6108328646
-7.1612128323
-6.7243379807
-6.304731748
-5.9060554168
-5.531130532
-5.1819931223
-4.8599701173
-4.5657691781
-4.2995744937
-4.0611426499
-3.8498942235
-3.6649981568
-3.5054471521
-3.3701232655
-3.2578535813
-3.1674563503
-3.0977782975
-3.0477239923
-3.0162782628
-3.0025226413
-3.005646791
-3.0249557838
-3.0598740052
-3.1099463552
-3.1748373007
-3.2543282257
-3.3483134167
-3.4567949168
-3.5798763791
-3.7177559567
-3.8707181683
-4.0391245855
-4.2234030931
-4.4240353777
-4.6415421979
-4.8764658906
-5.129349461
-5.4007115033
-5.6910161051
-6.0006368073
-6.3298136513
-6.678602347
-7.0468146875
-7.4339495472
-7.8391141801
-8.2609361477
-8.6974671097
-9.1460809847
-9.6033706658
-10.0650495987
-10.5258670339
-10.9795485113
-11.4187758238
-11.8352228447
-12.2196645048
-12.5621750019
-12.8524270872
-13.080096258
-13.2353616218
-13.3094797257
-13.2953905836
-13.1882996029
-12.9861690933
-12.6900525023
-12.3042160728
-11.8360161961
-11.2955329237
-10.6949945794
-10.0480575997
-9.3690231506
-8.6720744235
-7.9706065797
-7.2766993737
-6.6007565414
-5.9513118428
-5.3349831694
-4.7565450356
-4.2190857092
-3.7242165966
-3.2723062329
-2.8627174671
-2.49403278
-2.1642582882
-1.8710014818
-1.6116210603
-1.3833494832
-1.1833902531
-1.0089927048
-0.8575073758
-0.7264250449
-0.6134023477
-0.5162766063
-0.4330721896
-0.3620003934
-0.3014545139
-0.2500014977
-0.206371289
-0.1694447695
-0.1382409889
-0.1119042197
-0.0896912318
-0.0709590716
-0.0551535357
-0.0417984618
-0.0304858998
-0.0208671857
-0.0126449063
-0.0055657242
0.0005859873
0.0059937557
0.0108139326
0.0151799926
0.0192062735
0.0229912218
0.0266202012
0.0301679212
0.0337005361
0.0372774618
0.0409529514
0.0447774674
0.0487988853
0.0530635569
0.0576172602
0.06250606
0.0677770995
0.0734793406
0.0796642716
0.0863865944
0.0937049075
0.1016823952
0.1103875362
0.1198948418
0.1302856349
0.1416488806
0.1540820785
0.1676922278
0.182596877
0.1989252684
0.216819592
0.2364363593
0.2579479139
0.2815440918
0.3074340494
0.3358482764
0.3670408129
0.401291691
0.4389096249
0.4802349715
0.525642989
0.5755474203
0.6304044288
0.6907169182
0.7570392652
0.8299824954
0.9102199301
0.9984933299
1.0956195537
1.2024977429
1.3201170273
1.4495647285
1.5920350075
1.748837862
1.9214083229
2.111315622
2.320271995
2.5501406424
2.8029421806
3.0808586562
3.3862338655
3.7215682767
4.0895062877
4.4928128209
4.9343353441
5.416946279
5.9434594037
6.5165122976
7.1384051846
7.8108848671
8.5348611417
9.3100426965
10.1344809036
11.0040144677
11.911617409
12.8466696227
13.7941956747
14.7341552539
15.6409172372
16.4831033135
17.2240334713
17.8230211398
18.2377179943
18.4275642289
18.3581443025
18.0059103997
17.3624115349
16.4370070507
15.2571964375
13.8662062127
12.3182029653
10.6721629269
8.9857347505
7.3102700739
5.6876893737
4.1492607756
2.7159296718
1.399643719
0.2051360901
-0.8682360945
-1.8248409073
-2.6714173116
-3.4160367252
-4.0673505044
-4.6340730219
-5.1246468963
-5.5470424131
-5.9086518344
-6.2162482052
-6.4759861013
-6.6934281118
-6.8735857418
-7.0209670533
-7.1396260069
-7.2332103411
-7.3050061402
-7.3579781383
-7.3948054112
-7.417912496
-7.4294962197
-7.4315486527
-7.4258766649
-7.4141185756
-7.3977583686
-7.3781379039
-7.3564675058
-7.3338352515
-7.3112152264
-7.2894749615
-7.2693822142
-7.2516112161
-7.2367484727
-7.2252981685
-7.2176872131
-7.2142699411
-7.2153324715
-7.2210967231
-7.2317240797
-7.2473187005
-7.2679304724
-7.2935576075
-7.324148895
-7.3596056243
-7.3997832066
-7.4444925292
-7.4935010882
-7.5465339542
-7.6032746353
-7.6633659104
-7.7264107155
-7.7919731713
-7.8595798472
-7.9287213612
-7.9988544147
-8.0694043627
-8.1397684113
-8.2093195265
-8.277411125
-8.3433825956
-8.4065656776
-8.4662916907
-8.5218995774
-8.5727446781
-8.6182081199
-8.6577066556
-8.6907027475
-8.7167146552
-8.7353262529
-8.7461962796
-8.7490667171
-8.7437699911
-8.730234712
-8.7084897023
-8.678666111
-8.6409974734
-8.5958176495
-8.5435566511
-8.4847344512
-8.4199529427
-8.3498862871
-8.2752699503
-8.1968887648
-8.1155643849
-8.032142507
-7.9474802159
-7.862433794
-7.7778472847
-7.6945420555
-7.6133075451
-7.5348933208
-7.4600025097
-7.3892866159
-7.3233416803
-7.2627057016
-7.2078572002
-7.159214784
-7.1171375574
-7.0819262079
-7.053824603
-7.033021736
-7.0196538687
-7.0138067331
-7.01551767
-7.0247776015
-7.0415327534
-7.0656860609
-7.0970982149
-7.1355883211
-7.1809341665
-7.2328721055
-7.2910965954
-7.3552594321
-7.4249687511
-7.4997878807
-7.57923415
-7.6627777709
-7.7498409322
-7.839797257
-7.9319717879
-8.0256416749
-8.1200377462
-8.2143471404
-8.3077171736
-8.3992605957
-8.4880623656
-8.5731880355
-8.6536937856
-8.7286380884
-8.7970949069
-8.8581682519
-8.911007832
-8.9548254449
-8.9889116696
-9.012652348
-9.025544287
-9.0272095801
-9.0174079455
-8.9960465105
-8.9631865385
-8.9190466994
-8.8640026149
-8.798582569
-8.723459439
-8.6394390795
-8.5474455459
-8.4485036892
-8.3437197575
-8.2342607113
-8.1213329862
-8.0061614246
-7.8899690419
-7.773958214
-7.6592937586
-7.5470882652
-7.4383898977
-7.3341727689
-7.2353298737
-7.1426684639
-7.0569076713
-6.978678123
-6.9085232514
-6.8469019826
-6.794192477
-6.7506966088
-6.7166448853
-6.6922015358
-6.6774695299
-6.6724953186
-6.6772731269
-6.6917486587
-6.7158221099
-6.7493504129
-6.7921486668
-6.843990731
-6.9046089868
-6.9736932947
-7.0508891951
-7.1357954279
-7.2279608667
-7.3268809892
-7.4319940336
-7.5426770183
-7.6582418322
-7.7779316358
-7.9009178435
-8.0262979882
-8.1530947946
-8.2802568084
-8.4066609365
-8.5311172484
-8.6523763685
-8.7691397379
-8.8800729581
-8.9838223249
-9.079034529
-9.1643793468
-9.2385749555
-9.3004153173
-9.348798872
-9.3827575924
-9.4014852991
-9.4043640181
-9.3909871247
-9.3611780475
-9.3150034317
-9.2527798665
-9.1750735728
-9.0826927927
-8.9766730067
-8.8582554932
-8.7288601019
-8.5900534159
-8.4435136921
-8.2909940919
-8.1342857241
-7.9751819409
-7.8154451546
-7.6567772122
-7.5007940857
-7.349005354
-7.2027986661
-7.0634291243
-6.9320133134
-6.8095275339
-6.6968096816
-6.5945641477
-6.5033690875
-6.423685415
-6.3558669152
-6.3001709257
-6.2567690999
-6.2257578439
-6.207168085
-6.2009741039
-6.2071012231
-6.2254322019
-6.2558122353
-6.2980524928
-6.351932171
-6.4171990543
-6.4935686086
-6.5807216462
-6.6783006234
-6.7859046506
-6.9030833171
-7.0293294586
-7.1640710297
-7.3066622796
-7.4563744802
-7.6123865091
-7.7737756551
-7.9395090858
-8.1084364892
-8.2792844805
-8.4506534317
-8.6210174419
-8.7887281937
-8.9520234458
-9.1090408566
-9.2578377286
-9.3964170833
-9.5227602163
-9.6348655488
-9.7307931828
-9.808714105
-9.8669624991
-9.9040891589
-9.9189135916
-9.9105721228
-9.8785592063
-9.8227592507
-9.7434666175
-9.6413920171
-9.517654303
-9.3737575647
-9.2115543774
-9.0331969712
-8.8410788527
-8.637769964
-8.4259487506
-8.2083345167
-7.9876231908
-7.7664291512
-7.5472351436
-7.3323516269
-7.123886189
-6.9237230335
-6.7335120049
-6.5546662068
-6.3883669919
-6.2355749532
-6.0970455064
-5.9733476994
-5.8648850017
-5.771916972
-5.6945808822
-5.6329125481
-5.5868657878
-5.5563300825
-5.5411461473
-5.5411192268
-5.5560300189
-5.5856431966
-5.6297135403
-5.6879897257
-5.7602158283
-5.8461306102
-5.9454646573
-6.0579354286
-6.1832402751
-6.3210474838
-6.4709854057
-6.6326297371
-6.805489052
-6.9889887191
-7.1824533995
-7.3850884032
-7.5959602877
-7.8139772201
-8.037869782
-8.2661730848
-8.4972112652
-8.7290856452
-8.9596680361
-9.1866008408
-9.407305704
-9.6190024654
-9.8187400268
-10.0034404162
-10.1699567896
-10.3151453333
-10.4359500195
-10.5294979787
-10.5932019596
-10.6248650827
-10.6227820177
-10.5858300099
-10.5135430144
-10.4061626909
-10.2646612183
-10.0907327407
-9.8867525976
-9.6557060523
-9.4010907075
-9.1267988611
-8.8369874685
-8.5359439681
-8.2279559877
-7.9171919629
-7.6075981741
-7.3028158723
-7.0061202807
-6.7203815242
-6.4480461146
-6.1911365775
-5.9512661653
-5.7296653276
-5.5272166326
-5.3444950823
-5.1818111473
-5.0392543082
-4.9167353649
-4.8140262242
-4.7307962828
-4.6666448612
-4.6211294203
-4.5937895031
-4.5841664969
-4.5918194131
-4.6163369399
-4.6573460503
-4.7145174432
-4.7875680755
-4.8762610052
-4.9804027168
-5.0998380507
-5.234442797
-5.3841139622
-5.5487576605
-5.7282745359
-5.9225425831
-6.1313972092
-6.3546083757
-6.5918546777
-6.8426942733
-7.1065326722
-7.3825875413
-7.6698509047
-7.9670494036
-8.2726036627
-8.5845882751
-8.9006944731
-9.218198173
-9.5339367362
-9.8442984139
-10.1452289484
-10.4322600709
-10.7005645155
-10.9450415012
-11.1604352732
-11.341487138
-11.4831184659
-11.580638519
-11.6299669946
-11.6278573742
-11.5721041796
-11.461715768
-11.2970349402
-11.0797927218
-10.8130861061
-10.5012777318
-10.1498234073
-9.7650408343
-9.3538386152
-8.9234277746
-8.4810382164
-8.0336599775
-7.5878245355
-7.1494357165
-6.7236539364
-6.3148323857
-5.9264998638
-5.5613824733
-5.2214552383
-4.9080146731
-4.6217640867
-4.362904636
-4.1312265784
-3.926196608
-3.7470384696
-3.5928051498
-3.4624418307
-3.3548394597
-3.2688792643
-3.2034688515
-3.1575707198
-3.1302240942
-3.1205610107
-3.1278175409
-3.1513409752
-3.1905936962
-3.2451543688
-3.3147169684
-3.3990880615
-3.4981826455
-3.6120187542
-3.7407109323
-3.8844625898
-4.0435571457
-4.2183477817
-4.4092455252
-4.6167052893
-4.8412093933
-5.0832479947
-5.3432957599
-5.6217840155
-5.9190675437
-6.2353851372
-6.5708130253
-6.9252103484
-7.2981560262
-7.6888766788
-8.0961657684
-8.5182948918
-8.9529192296
-9.3969805981
-9.8466133802
-10.2970608028
-10.7426114879
-11.176568686
-11.5912667327
-11.978150482
-12.327933027
-12.6308441075
-12.8769754754
-13.056719743
-13.1612861369
-13.1832613711
-13.1171689063
-12.9599685153
-12.7114339671
-12.3743526863
-11.9545084229
-11.4604344536
-10.9029559587
-10.2945695093
-9.6487286379
-8.9791129237
-8.2989529398
-7.6204672809
-6.954445519
-6.3099877247
-5.6943915371
-5.1131641953
-4.5701299992
-4.067602428
-3.6065929362
-3.1870334823
-2.8079956411
-2.4678946763
-2.1646716482
-1.8959502852
-1.6591679749
-1.4516819742
-1.2708529885
-1.1141088013
-0.9789908143
-0.8631863056
-0.7645490238
-0.6811104661
-0.6110838977
-0.5528628685
-0.5050156995
-0.4662771531
-0.4355382683
-0.411835141
-0.3943372569
-0.3823358379
-0.3752325456
-0.372528782
-0.3738157555
-0.3787654109
-0.3871222809
-0.3986962746
-0.4133563979
-0.4310253767
-0.451675147
-0.4753231653
-0.5020294918
-0.5318945971
-0.5650578473
-0.6016966225
-0.6420260322
-0.6862991911
-0.7348080296
-0.7878846121
-0.8459029461
-0.9092812658
-0.9784847779
-1.0540288596
-1.1364826983
-1.2264733616
-1.3246902809
-1.4318901268
-1.5489020381
-1.676633155
-1.8160743775
-1.9683062385
-2.1345047351
-2.3159469003
-2.514015815
-2.7302046546
-2.9661192236
-3.2234782523
-3.5041104976
-3.8099473958
-4.1430096461
-4.5053856456
-4.8991991385
-5.3265627789
-5.7895135399
-6.2899250575
-6.8293911308
-7.409073821
-8.0295090861
-8.6903629669
-9.3901324511
-10.1257879418
-10.8923595972
-11.6824787135
-12.4858988311
-13.2890400837
-14.0746242711
-14.8214951977
-15.504743927
-16.0962727819
-16.5659220925
-16.8832349252
-17.0198359549
-16.9522526395
-16.6648338949
-16.1522745467
-15.4212011299
-14.4903735834
-13.3893171078
-12.1555556205
-10.8309514375
-9.4578407181
-8.0756289299
-6.7183061804
-5.413057892
-4.1798904204
-3.0320314363
-1.9768129056
-1.0167726676
-0.150778645
0.6249456313
1.3159532627
1.9288796972
2.4709119176
2.949398691
3.3715756747
3.7443802035
4.0743338668
4.3674749443
4.6293265959
4.8648900116
5.0786544326
5.2746180725
5.4563155881
5.6268489669
5.7889195995
5.9448599777
6.096663947
6.2460148068
6.3943108247
6.5426879277
6.6920394937
6.8430332827
6.9961256462
7.1515732364
7.3094425053
7.4696173531
7.6318053466
7.7955429887
7.9602005775
8.1249872474
8.2889568294
8.4510152011
8.6099298095
8.7643420397
8.9127830519
9.0536936218
9.1854483767
9.3063846276
9.4148357423
9.5091687064
9.5878251755
9.6493649627
9.6925105478
9.7161908853
9.7195825488
9.7021461273
9.663655812
9.6042202967
9.5242934692
9.4246738752
9.3064925623
9.1711895925
9.0204802095
8.8563122649
8.6808170142
8.4962557259
8.3049646829
8.1093010984
7.9115922329
7.7140896193
7.5189298346
7.3281027419
7.1434276207
6.9665371415
6.7988687541
6.64166276
6.4959661392
6.3626410881
6.2423771904
6.1357061761
6.0430182966
5.964579455
5.9005483545
5.8509930572
5.8159064725
5.7952204093
5.7888179294
5.7965438248
5.8182131116
5.8536174878
5.9025297422
5.9647061313
6.0398867593
6.1277940076
6.228129071
6.3405666599
6.4647479386
6.6002717797
6.7466844311
6.9034677207
7.0700259625
7.2456717803
7.4296111363
7.6209279394
7.8185687151
8.021327943
8.227834807
8.4365422497
8.6457193691
8.8534483259
9.0576270282
9.2559789003
9.4460710051
9.6253416371
9.7911382212
9.9407659117
10.0715466902
10.1808880051
10.2663591357
10.325772542
10.3572665741
10.3593851792
10.3311497625
10.2721182528
10.1824267706
10.0628101275
9.9145986592
9.7396905205
9.5405003683
9.319887136
9.0810651488
8.8275039604
8.5628228933
8.2906862916
8.0147049847
7.7383485253
7.4648715408
7.1972562082
6.9381715602
6.6899491914
6.4545740274
6.2336881844
6.0286055793
5.8403348193
5.6696079613
5.5169129293
5.3825276635
5.2665544029
5.1689528393
5.0895711989
5.0281745921
4.9844702128
4.958129167
4.9488048582
4.9561479705
4.9798181613
5.0194926207
5.0748716717
5.1456815834
5.2316747549
5.3326273983
5.4483348178
5.5786043438
5.7232459465
5.8820605188
6.0548257951
6.2412798552
6.4411021677
6.6538921443
6.8791452268
7.1162266109
7.3643428285
7.6225115822
7.8895304476
8.1639453371
8.444019963
8.7277079233
9.0126294685
9.2960554428
9.5749012989
9.8457343946
10.1047979169
10.3480546403
10.5712532316
10.7700188499
10.9399683197
11.0768481628
11.1766913571
11.2359860291
11.2518466962
11.2221765417
11.1458079668
11.0226087101
10.8535424103
10.6406756287
10.3871277923
10.0969657209
9.7750496516
9.4268421835
9.0581946746
8.6751269311
8.2836154499
7.8894032606
7.4978410646
7.113765475
6.7414163242
6.3843916827
6.0456367059
5.7274608106
5.4315769154
5.1591564358
4.9108941904
4.6870781729
4.487660094
4.3123235708
4.1605477512
4.0316649468
3.9249115025
3.8394716306
3.7745143157
3.7292236507
3.7028231275
3.6945944945
3.7038918195
3.7301513832
3.7728979859
3.8317481827
3.9064108861
3.9966856877
4.1024591615
4.2236993181
4.3604482878
4.5128132193
4.6809552894
4.8650766329
5.0654049151
5.2821751903
5.5156086133
5.7658875139
6.0331262966
6.3173376136
6.6183932846
6.9359795202
7.269546167
7.6182499659
7.9808922213
8.3558518593
8.7410156323
9.1337082315
9.5306262959
9.9277817269
10.3204612444
10.7032106043
11.0698530865
11.4135524277
11.7269298913
12.0022431904
12.2316311114
12.4074217253
12.522494173
12.5706748262
12.5471394143
12.4487852194
12.2745336839
12.0255254845
11.705178207
11.3190907726
10.8747967491
10.381387457
9.8490417069
9.2885089949
8.7105953564
8.125695978
7.5434078799
6.9722422436
6.4194421376
5.8908997464
5.3911590215
4.9234852374
4.4899818036
4.0917359745
3.7289778774
3.4012406823
3.107513167
2.8463789859
2.6161394665
2.4149186716
2.240750834
2.0916511784
1.9656716849
1.8609436221
1.7757087575
1.7083411051
1.657360948
1.6214426997
1.599417982
1.5902751034
1.5931559352
1.6073510128
1.6322935333
1.6675527817
1.7128274021
1.7679388234
1.8328250655
1.9075350748
1.9922236763
2.087147175
2.1926595911
2.3092094694
2.4373371627
2.5776724428
2.7309322493
2.8979183314
3.0795144752
3.276682936
3.4904596017
3.7219473042
3.9723065628
4.2427428802
4.5344895248
4.8487845135
5.1868402583
5.5498040775
5.9387074911
6.3544019716
6.7974786282
7.2681692453
7.7662262649
8.2907798413
8.8401711798
9.4117632288
10.0017326849
10.604851447
11.2142713017
11.8213327482
12.4154271165
12.9839495922
13.5123877326
13.9845929419
14.3832777654
14.6907661504
14.8899943198
14.9657166509
14.9058185945
14.7025876132
14.3537586236
13.8631486907
13.2407373442
12.5021321872
11.6674673732
10.7598864476
9.8038310841
8.8233744626
7.8408018832
6.8755683883
5.9436788394
5.0574630762
4.2256709631
3.4537918906
2.7445052989
2.0981843733
1.5133960387
0.9873609006
0.5163537359
0.0960374931
-0.2782681725
-0.6113781856
-0.9080853383
-1.1730471707
-1.4107083759
-1.6252514683
-1.8205694483
-2.0002552035
-2.1676033226
-2.3256208209
-2.4770439823
-2.6243591059
-2.7698254296
-2.9154988899
-3.0632556867
-3.214814864
-3.3717592991
-3.5355546295
-3.7075657354
-3.8890704539
-4.0812702221
-4.2852973468
-4.5022185669
-4.7330345347
-4.9786747764
-5.2399876229
-5.5177245284
-5.812518122
-6.124853288
-6.455030555
-6.8031211107
-7.1689128926
-7.5518474566
-7.9509477535
-8.3647375942
-8.7911545214
-9.2274590656
-9.6701449953
-10.1148571509
-10.5563257099
-10.9883280861
-11.403691797
-11.794353064
-12.1514859887
-12.4657151379
-12.7274195203
-12.9271277736
-13.0559929204
-13.1063211546
-13.0721146851
-12.9495765323
-12.7375187407
-12.4376177717
-12.0544735065
-11.5954505377
-11.0703087936
-10.4906594275
-9.8693051145
-9.2195365365
-8.5544567638
-7.8863936422
-7.226440976
-6.5841472317
-5.9673502789
-5.3821414055
-4.8329327419
-4.3225989289
-3.852665042
-3.4235167712
-3.0346141174
-2.6846952611
-2.3719620781
-2.0942426798
-1.8491292791
-1.634091711
-1.4465682229
-1.28403588
-1.1440632511
-1.0243480935
-0.9227426324
-0.8372688134
-0.766125637
-0.7076904006
-0.6605153961
-0.6233213524
-0.5949886765
-0.5745473406
-0.5611660816
-0.5541414307
-0.5528869599
-0.5569230288
-0.5658672318
-0.5794256758
-0.5973851668
-0.6196063447
-0.6460177746
-0.6766109811
-0.7114363989
-0.7506002032
-0.7942619784
-0.8426331809
-0.8959763531
-0.9546050468
-1.0188844157
-1.089232439
-1.1661217417
-1.2500819741
-1.3417027156
-1.4416368619
-1.5506044478
-1.6693968487
-1.7988812838
-1.9400055236
-2.0938026667
-2.2613958108
-2.4440023775
-2.6429377752
-2.8596179767
-3.0955604574
-3.3523827659
-3.6317977799
-3.9356044279
-4.2656723144
-4.6239182725
-5.012272367
-5.4326302922
-5.8867884512
-6.3763573067
-6.9026479162
-7.46652601
-8.0682277393
-8.7071315718
-9.381482176
-10.0880650598
-10.8218359338
-11.575517061
-12.3391849933
-13.0998904738
-13.8413714362
-14.5439418792
-15.184658396
-15.7378746928
-16.1762820298
-16.4724888204
-16.6011078748
-16.5411978547
-16.2787668881
-15.8089315104
-15.1372854768
-14.2801135184
-13.2632910396
-12.1199943588
-10.887615914
-9.6044391094
-8.3066259865
-7.0259240205
-5.7882767428
-4.6133104594
-3.5145242995
-2.4999502541
-1.5730580497
-0.7337270978
0.0208330001
0.6952785168
1.2954694682
1.8279489378
2.2995495848
2.717107267
3.0872608578
3.4163190943
3.7101781343
3.9742765456
4.2135772641
4.4325684441
4.6352770678
4.8252907086
5.0057840208
5.1795474261
5.3490161509
5.5162982759
5.6832008518
5.8512534232
6.0217285312
6.1956589331
6.3738514201
6.556897225
6.7451791113
6.9388753305
7.1379607257
7.3422053606
7.5511711611
7.764207179
7.9804442232
8.1987897465
8.4179240325
8.6362988717
8.8521400497
9.0634550667
9.2680475411
9.463539704
9.6474042236
9.8170062907
9.9696564306
10.1026738607
10.2134594223
10.2995761948
10.3588349291
10.3893805112
10.3897748902
10.3590714221
10.2968754871
10.2033866339
10.0794184036
9.9263933585
9.7463125608
9.5417006436
9.3155294666
9.0711249375
8.8120627159
8.5420590852
8.2648632392
7.9841566372
7.7034640478
7.4260796012
7.1550097595
6.8929337707
6.6421810037
6.4047236525
6.182182673
5.9758444753
5.7866857899
5.6154042227
5.4624522366
5.3280726135
5.2123337939
5.1151638471
5.0363821484
4.9757281327
4.9328867377
4.907510344
4.8992371706
4.9077061902
4.9325686998
4.973496719
5.0301884068
5.1023706784
5.1897991858
5.2922557949
5.4095436569
5.5414799302
5.6878861713
5.8485763794
6.0233426479
6.2119383639
6.4140588919
6.6293196988
6.857231926
7.0971754909
7.3483699268
7.6098433374
7.8804000716
8.1585880121
8.4426667225
8.7305781049
9.0199216712
9.3079369948
9.5914963466
9.8671108581
10.1309537217
10.3789038282
10.6066127496
10.8095970061
10.9833560416
11.123514262
11.2259829605
11.2871351476
11.3039835499
11.2743497528
11.1970111059
11.071812005
10.8997277919
10.6828727996
10.4244487518
10.1286352252
9.8004294358
9.4454473812
9.0697016466
8.6793725366
8.280588543
7.8792297781
7.4807644277
7.090124151
6.7116203089
6.3488994251
6.0049336676
5.682040485
5.3819247922
5.1057370896
4.8541414439
4.6273881137
4.4253866213
4.2477760959
4.0939906618
3.9633184637
3.8549535898
3.7680406666
3.7017122796
3.655119628
3.6274569854
3.6179806159
3.6260228234
3.6510017905
3.6924278137
3.749906476
3.8231392114
3.9119216306
4.0161398822
4.1357652301
4.2708469345
4.4215034299
4.5879117018
4.7702946747
4.9689063344
5.1840142246
5.4158788787
5.6647296786
5.9307365781
6.2139771016
6.5143980339
6.8317712805
7.1656435121
7.5152794488
7.8795990099
8.2571090992
8.6458315429
9.0432296762
9.4461372979
9.8506951638
10.2523017963
10.6455870155
11.0244180182
11.3819487127
11.7107229321
12.0028406162
12.2501925988
12.4447639715
12.5789981264
12.6462040492
12.6409794033
12.5596131801
12.4004263365
12.1640089352
11.8533191288
11.473622853
11.0322715744
10.538335719
10.0021295255
9.434675448
8.8471606188
8.2504340014
7.6545823152
7.0686084514
6.5002210787
5.9557310928
5.4400410963
4.956708703
4.5080627477
4.0953525589
3.7189132661
3.3783337255
3.0726173436
2.8003294209
2.5597273898
2.3488724391
2.1657225269
2.0082077944
1.8742899924
1.7620078416
1.6695103434
1.5950800122
1.537147873
1.4943018861
1.4652902612
1.4490209198
1.4445581673
1.4511174536
1.4680589381
1.4948804296
1.5312101459
1.5767996317
1.6315170811
1.6953412384
1.7683559829
1.850745655
1.9427911331
2.0448666318
2.1574371576
2.2810565205
2.4163657694
2.5640918727
2.725046427
2.900124117
3.0903005855
3.2966292884
3.5202368087
3.7623159782
4.0241160013
4.3069285958
4.612068943
4.9408499924
5.2945483821
5.674359931
6.0813423512
6.5163425537
6.9799057251
7.4721633329
7.9926974799
8.5403797575
9.1131841501
9.7079759035
10.3202818803
10.9440530723
11.5714367955
12.1925845593
12.7955311117
13.3661893878
13.8885127471
14.3448766092
14.7167222682
14.9854823032
15.1337674342
15.1467407778
15.0135452389
14.7285979234
14.2925408446
13.7126567477
13.0026292218
12.1816371396
11.2728975948
10.3018731913
9.2944089585
8.2750499358
7.2657234817
6.2848769595
5.3470708959
4.4629609957
3.639567564
2.8807247343
2.1876152117
1.5593188547
0.9933274473
0.4859987635
0.0329386425
-0.370689767
-0.7299242649
-1.0498209898
-1.3353215755
-1.5911609352
-1.82180739
-2.0314279773
-2.2238729252
-2.4026743579
-2.5710552458
-2.7319454213
-2.8880021488
-3.041633288
-3.1950215261
-3.3501485037
-3.5088179332
-3.6726770098
-3.8432355738
-4.0218825834
-4.2098995274
-4.408470441
-4.618688194
-4.8415567081
-5.0779887248
-5.3287987067
-5.5946904063
-5.8762385962
-6.1738644314
-6.4878039209
-6.8180690472
-7.1644012096
-7.5262169111
-7.9025459982
-8.2919633363
-8.6925155982
-9.1016459019
-9.5161203535
-9.931962138
-10.3444005573
-10.7478442049
-11.1358890324
-11.5013730284
-11.8364891228
-12.1329661961
-12.3823241953
-12.5762030039
-12.7067559199
-12.7670879995
-12.7517084838
-12.6569570605
-12.4813582756
-12.2258592208
-11.8939140413
-11.4913945537
-11.026327182
-10.5084787483
-9.9488329147
-9.3590113896
-8.7506971778
-8.1351112707
-7.5225813767
-6.9222249689
-6.3417525881
-5.7873837351
-5.2638583259
-4.7745218507
-4.3214614372
-3.9056718741
-3.5272341248
-3.1854929586
-2.8792243264
-2.6067866046
-2.3662526298
-2.155521536
-1.9724108567
-1.8147302786
-1.6803389597
-1.5671885554
-1.473354134
-1.3970550641
-1.3366677924
-1.2907322164
-1.2579531378
-1.2371980618
-1.2274923992
-1.2280129421
-1.2380803135
-1.2571509466
-1.2848090248
-1.3207587055
-1.3648168667
-1.4169065387
-1.4770511283
-1.5453694921
-1.6220718787
-1.7074567252
-1.8019082692
-1.9058949103
-2.0199682331
-2.1447625783
-2.2809950212
-2.4294655839
-2.5910574643
-2.7667370168
-2.9575531504
-3.1646357285
-3.3891924509
-3.6325035662
-3.8959136033
-4.1808191131
-4.4886511758
-4.8208511525
-5.1788378372
-5.563963818
-5.9774584802
-6.4203547293
-6.8933962212
-7.396921747
-7.9307235624
-8.4938770527
-9.0845404374
-9.6997255518
-10.3350444674
-10.9844421906
-11.639933204
-12.2913691931
-12.9262764501
-13.5298128319
-14.0849032763
-14.5726158899
-14.972832535
-15.2652435051
-15.4306519081
-15.4525109685
-15.3185452325
-15.0222418481
-14.5639639698
-13.9514568438
-13.1995980648
-12.3293755686
-11.3662267579
-10.3379950402
-9.2728183812
-8.1972443527
-7.1347821257
-6.1049878029
-5.123071873
-4.1999414439
-3.342553432
-2.5544524776
-1.8363867362
-1.1869232987
-0.6030136511
-0.0804832662
0.3855635015
0.8004211609
1.1695354083
1.4983193602
1.7920225476
2.055642224
2.2938677984
2.5110506201
2.711192723
2.8979493674
3.0746412675
3.2442732691
3.4095569477
3.572935165
3.7366070732
3.902552403
4.0725541433
4.2482189206
4.4309945356
4.6221842145
4.8229572027
5.0343553632
5.2572954606
5.4925668159
5.740824011
6.0025743269
6.2781596092
6.5677322991
6.8712254508
7.1883167005
7.5183863815
7.8604703149
8.2132082697
8.5747897084
8.9428992163
9.3146649664
9.6866146575
10.0546445253
10.4140081388
10.7593325871
11.0846700826
11.38359266
11.6493362064
11.8749972383
12.0537814715
12.1792973998
12.2458812175
12.2489323197
12.1852324952
12.0532182119
11.8531754109
11.5873308406
11.2598231726
10.8765499124
10.4449004468
9.9733988971
9.4712903236
8.9481085207
8.4132626319
7.8756737946
7.3434836609
6.8238459836
6.3228024268
5.8452357327
5.3948880162
4.9744293046
4.5855610521
4.2291406143
3.9053148734
3.6136538112
3.3532773985
3.1229714672
2.9212901233
2.7466437123
2.5973724086
2.4718062074
2.3683125366
2.285332933
2.2214103083
2.1752083034
2.1455241424
2.1312962656
2.1316078747
2.145687367
2.1729064841
2.2127768566
2.2649454946
2.329189653
2.4054113937
2.4936320702
2.5939868744
2.7067195071
2.8321769599
2.9708043293
3.1231395125
3.2898075628
3.4715144087
3.6690395529
3.8832272728
4.1149757351
4.3652233109
4.6349312347
4.9250615935
5.2365494568
5.57026778
5.9269835373
6.3073033955
6.711607151
7.1399671728
7.5920522935
8.0670150589
8.563362099
9.0788087713
9.6101212965
10.1529525102
10.701681187
11.2492696279
11.7871596077
12.3052322802
12.7918622167
13.2340978831
13.6179985337
13.9291485752
14.1533531868
14.2774929809
14.2904827576
14.1842451004
13.9545819048
13.6018156594
13.1310855574
12.5522240815
11.8792021775
11.1292019412
10.321436992
9.4758764073
8.6120302215
7.7479256098
6.8993542049
6.0794173624
5.2983504154
4.5635764609
3.8799264099
3.2499619807
2.6743471403
2.1522263677
1.6815814147
1.2595497985
0.8826971942
0.5472421392
0.2492354065
-0.0153014083
-0.2502725856
-0.4594345919
-0.646346628
-0.8143405764
-0.9665061409
-1.1056876134
-1.2344893088
-1.355287247
-1.4702451394
-1.5813331385
-1.6903481493
-1.7989347826
-1.9086062569
-2.0207647409
-2.1367207671
-2.2577114596
-2.3849173946
-2.519477964
-2.6625051426
-2.8150955653
-2.978340811
-3.1533357587
-3.341184834
-3.5430058986
-3.7599314503
-3.9931066961
-4.2436839369
-4.512812556
-4.8016237358
-5.1112088445
-5.4425902376
-5.7966830216
-6.1742461505
-6.5758210911
-7.00165626
-7.4516155487
-7.925069619
-8.4207693711
-8.9367022145
-9.4699336553
-10.0164394321
-10.5709371036
-11.1267306463
-11.6755871069
-12.2076701955
-12.7115609989
-13.1743992926
-13.5821782599
-13.9202184918
-14.1738318704
-14.3291613391
-14.3741498581
-14.29955546
-14.0998971185
-13.774198287
-13.3264010128
-12.7653584578
-12.1043742674
-11.3603312309
-10.5525206335
-9.7013293661
-8.8269530796
-7.9482803397
-7.0820450044
-6.2422873622
-5.440113533
-4.6837066372
-3.9785250819
-3.3276206744
-2.7320171473
-2.1911027918
-1.7030050572
-1.2649276127
-0.8734402902
-0.5247193649
-0.2147401397
0.0605736534
0.3052379597
0.5231280694
0.7179241704
0.893077653
1.0517936941
1.1970263265
1.3314828377
1.4576349198
1.5777344942
1.6938325648
1.8077998115
1.9213479353
2.0360510063
2.1533662588
2.2746539291
2.4011958451
2.5342125581
2.6748788615
2.8243375702
2.9837114412
3.1541131023
3.3366528204
3.532443893
3.74260537
3.9682617257
4.2105389885
4.4705567081
4.7494149867
5.0481756401
5.3678363714
5.7092966673
6.0733139546
6.4604484357
6.8709949663
7.3049004247
7.7616653094
8.2402288889
8.7388382499
9.2549031672
9.7848410168
10.3239190787
10.8661055917
11.4039457199
11.9284838362
12.4292585169
12.8944002227
13.310862183
13.6648105283
13.9421882786
14.1294481597
14.21442177
14.1872603197
14.0413509977
13.7740914729
13.3874020514
12.8878768085
12.2865216548
11.5980908703
10.8400995098
10.0316404056
9.1921582864
8.3403254652
7.4931289774
6.6652301231
5.8686078238
5.1124577288
4.4032947899
3.7451980157
3.1401388349
2.5883442522
2.0886585144
1.6388792776
1.2360546181
0.8767350443
0.5571800201
0.2735218269
0.0218913635
-0.2014887879
-0.400238653
-0.5777774739
-0.7372981225
-0.8817554154
-1.0138650293
-1.1361102797
-1.2507545316
-1.3598574544
-1.4652937035
-1.5687729328
-1.6718602984
-1.7759968291
-1.8825192083
-1.9926786438
-2.107658604
-2.2285912727
-2.3565726197
-2.4926760176
-2.637964337
-2.7935004486
-2.96035603
-3.1396185339
-3.3323961152
-3.539820235
-3.7630455645
-4.003246692
-4.2616109996
-4.5393269104
-4.8375665247
-5.157461458
-5.5000704746
-5.8663372944
-6.2570367525
-6.6727073497
-7.1135682002
-7.5794185305
-8.0695183195
-8.5824495227
-9.1159587622
-9.6667845775
-10.2304754962
-10.8012094494
-11.3716304229
-11.9327244841
-12.4737638411
-12.9823532379
-13.4446159892
-13.8455549442
-14.1696140054
-14.4014463025
-14.5268650864
-14.5339150734
-14.4139614557
-14.1626610591
-13.7806670382
-13.2739350071
-12.6535477708
-11.9350508001
-11.137374178
-10.2814869044
-9.3889672411
-8.4806698107
-7.5756312103
-6.690295918
-5.8380814698
-5.0292510118
-4.2710299007
-3.5678913072
-2.9219392629
-2.333330086
-1.8006889799
-1.3214939217
-0.8924116331
-0.509579785
-0.1688358196
0.1341035313
0.4035060982
0.6435249386
0.8581293858
1.0510605823
1.2258063183
1.3855907575
1.5333753659
1.6718680253
1.8035378937
1.9306340728
2.0552065564
2.1791282806
2.3041173709
2.4317589066
2.5635256942
2.7007976748
2.8448796807
2.997017323
3.1584108214
3.3302265981
3.5136064404
3.7096740009
3.9195383468
4.1442941912
4.3850183444
4.642761811
4.918536825
5.2132979831
5.5279164824
5.8631463402
6.2195813543
6.5976015013
6.9973074964
7.4184423997
7.8602995259
8.3216165769
8.8004569763
9.2940809452
9.7988110321
10.309899657
10.8214097413
11.3261235158
11.8154987516
12.2796952664
12.707696597
13.0875508376
13.4067493037
13.6527505425
13.8136396649
13.8788898515
13.840167045
13.6920953553
13.4328862058
13.0647352451
12.5939115109
12.0305023877
11.3878288031
10.6815965135
9.9288886958
9.1471230204
8.3530899408
7.5621621729
6.7877272427
6.0408558161
5.3301864805
4.6619870009
4.0403432151
3.467427372
2.9438044307
2.4687443471
2.0405181906
1.6566645711
1.3142196511
1.0099088953
0.7403019056
0.5019335595
0.2913955887
0.105403012
-0.0591602849
-0.2052128752
-0.3354605248
-0.4523913225
-0.5582786694
-0.6551900282
-0.744999726
-0.8294044477
-0.90994035
-0.9880009737
-1.0648553372
-1.141665763
-1.219505124
-1.2993733035
-1.3822127476
-1.4689230485
-1.560374545
-1.6574209536
-1.7609110637
-1.8716995329
-1.9906568182
-2.1186782622
-2.2566923322
-2.4056679773
-2.5666210263
-2.7406194939
-2.9287875934
-3.1323081699
-3.3524231613
-3.5904315665
-3.8476842423
-4.1255746629
-4.4255245508
-4.7489630251
-5.0972976136
-5.4718751423
-5.8739301636
-6.304518242
-6.7644311262
-7.2540906716
-7.7734184542
-8.3216784843
-8.8972915161
-9.4976214223
-10.1187373058
-10.7551597838
-11.3996065067
-12.0427605356
-12.6730953783
-13.2768012473
-13.8378664213
-14.3383722014
-14.7590554751
-15.080174481
-15.2826772453
-15.3496180539
-15.2677010941
-15.0287657758
-14.6309855815
-14.0795530976
-13.3866816147
-12.5708644333
-11.6554719144
-10.6668939103
-9.6325127754
-8.5787984227
-7.5297565991
-6.5058611785
-5.5234952521
-4.5948420343
-3.7281184084
-2.9280303592
-2.1963408992
-1.5324654412
-0.9340369924
-0.3974079007
0.0819265001
0.5089844203
0.889028903
1.2273647153
1.5291904154
1.799495371
2.0429924652
2.2640784951
2.4668155827
2.6549281387
2.831810991
3.0005451907
3.1639187559
3.3244502127
3.4844132799
3.6458614178
3.8106512609
3.9804641767
4.1568253583
4.3411199763
4.5346059932
4.7384232868
4.9535987495
5.1810470274
5.4215665508
5.6758304898
5.9443722526
6.2275651434
6.5255958301
6.8384313399
7.1657794462
7.5070425413
7.8612654372
8.2270780388
8.6026345082
8.9855514091
9.3728483946
9.7608962506
10.1453784643
10.521273831
10.8828687332
11.223808348
11.5371957968
11.8157467589
12.0520039582
12.2386109762
12.3686381063
12.435944907
12.4355557136
12.3640170768
12.2197016455
12.0030230376
11.7165317938
11.3648735825
10.9546060879
10.4938879714
9.9920687966
9.4592198854
8.9056507615
8.3414536672
7.7761107034
7.2181865707
6.6751172639
6.1530936077
5.6570297557
5.1906012956
4.7563353
4.3557348841
3.9894227705
3.6572912067
3.3586486973
3.0923569577
2.8569540258
2.6507614813
2.4719752249
2.3187403117
2.189211007
2.0815976106
1.9942017715
1.9254420321
1.8738712738
1.8381875997
1.8172400305
1.8100302101
1.8157111483
1.833583855
1.8630925709
1.9038191605
1.9554771079
2.0179054529
2.0910629078
2.175022317
2.2699655497
2.3761788533
2.4940486395
2.624057618
2.7667811433
2.9228835787
3.0931144248
3.2783038872
3.4793574768
3.6972491413
3.93301231
4.1877281016
4.4625097825
4.7584823847
5.0767561815
5.4183925004
5.7843601182
6.1754802674
6.5923581131
7.0352984783
7.504203699
7.998451851
8.5167543795
9.056993526
9.6160421089
10.1895713746
10.7718569705
11.3555986688
11.9317761085
12.4895699817
13.016384634
13.4980121802
13.918977433
14.2630942755
14.5142449352
14.6573627494
14.6795582376
14.5712836458
14.3273931016
13.9479372926
13.4385449025
12.8102927857
12.0790466582
11.2643459201
10.3879856201
9.47249359
8.5397007759
7.6095620787
6.6993197909
5.8230324529
4.9914354603
4.212064766
3.489561992
2.8260831769
2.2217472458
1.6750778005
1.1834086165
0.7432370191
0.3505193785
0.0009095865
-0.3100547754
-0.586811996
-0.8336743852
-1.0547580982
-1.2539383459
-1.4348245139
-1.6007505471
-1.754776752
-1.8996998783
-2.0380689559
-2.1722048844
-2.3042222051
-2.4360518384
-2.5694638555
-2.7060895782
-2.8474424748
-2.9949374482
-3.1499082051
-3.3136224497
-3.4872946738
-3.6720963169
-3.869163043
-4.0795988394
-4.3044765754
-4.5448345745
-4.8016686566
-5.0759189915
-5.3684509905
-5.6800293419
-6.011284196
-6.3626684329
-6.7344049383
-7.1264228961
-7.5382823413
-7.969086656
-8.4173834198
-8.8810551222
-9.357202805
-9.8420277827
-10.3307192372
-10.8173586124
-11.2948551673
-11.7549303656
-12.1881713325
-12.5841744566
-12.93179821
-13.2195381917
-13.4360263707
-13.5706403534
-13.6141883758
-13.5596144446
-13.4026500844
-13.1423298878
-12.7812923471
-12.325807689
-11.7855089795
-11.1728454707
-10.502318672
-9.7895921995
-9.0505792152
-8.3006044651
-7.5537151785
-6.8221836356
-6.116212096
-5.4438244044
-4.810911319
-4.221388833
-3.6774287526
-3.1797259051
-2.7277739715
-2.3201300342
-1.9546552272
-1.6287247648
-1.3394049695
-1.0835978609
-0.8581556796
-0.6599686813
-0.4860299189
-0.3334807254
-0.1996403856
-0.0820231373
0.0216547564
0.1134755215
0.1953260199
0.2689079186
0.3357505866
0.39722569
0.4545626887
0.5088646297
0.5611237931
0.6122368757
0.6630195052
0.7142199588
0.7665320254
0.8206070008
0.8770648399
0.936504517
0.9995136613
1.0666775459
1.1385875126
1.2158489145
1.2990886545
1.3889623919
1.486161475
1.5914196479
1.7055195588
1.8292990764
1.9636573911
2.1095608474
2.2680484045
2.440236571
2.6273235902
2.8305925608
3.0514130722
3.2912407887
3.5516142473
3.8341479112
4.1405202605
4.4724553701
4.8316960448
5.2199661247
5.6389190676
6.0900693647
6.5747027975
7.093761073
7.6476960918
8.2362892146
8.8584316541
9.5118639298
10.1928756705
10.8959725255
11.613525152
12.335426639
13.0487993056
13.7378086673
14.3836591099
14.964857986
15.4578357034
15.8379905002
16.0811800549
16.1656043919
16.0739219442
15.7953334379
15.327290439
14.6764760039
13.858790894
12.8982563426
11.8249699642
10.6724539788
9.4748462009
8.2643714041
7.0694106873
5.9133133132
4.8139307337
3.7837385735
2.8303621373
1.9573237472
1.1648645509
0.4507388312
-0.1890786163
-0.7597984461
-1.2673402834
-1.7179651299
-2.1180018662
-2.4736513127
-2.7908520174
-3.0751938285
-3.3318675792
-3.5656414353
-3.7808564253
-3.9814353315
-4.1709004545
-4.3523968288
-4.5287182926
-4.7023344567
-4.8754171068
-5.0498649515
-5.2273259118
-5.4092163672
-5.5967369377
-5.7908845091
-5.992460309
-6.2020739249
-6.4201432367
-6.6468903103
-6.8823333963
-7.1262752836
-7.3782884006
-7.6376972307
-7.9035588259
-8.1746424675
-8.4494098272
-8.7259973315
-9.0022027931
-9.2754787329
-9.5429351248
-9.8013544942
-10.047222329
-10.2767755247
-10.4860710199
-10.671075798
-10.8277780239
-10.9523172524
-11.0411294976
-11.0911006714
-11.0997197583
-11.0652214344
-10.9867070089
-10.8642328775
-10.6988572936
-10.4926391563
-10.248586437
-9.9705563334
-9.6631136554
-9.331357666
-8.9807301138
-8.6168181701
-8.2451654065
-7.8711020165
-7.4996026214
-7.1351766949
-6.7817933773
-6.4428396066
-6.121108313
-5.818811995
-5.5376162869
-5.2786880288
-5.042752707
-4.8301567742
-4.6409311612
-4.4748531168
-4.3315043069
-4.2103237964
-4.1106551204
-4.0317871122
-3.9729884988
-3.9335365225
-3.9127400016
-3.9099573381
-3.9246100109
-3.9561920913
-4.0042762825
-4.0685169296
-4.1486503763
-4.244492968
-4.3559369181
-4.482944168
-4.6255382849
-4.7837943586
-4.9578267722
-5.1477746446
-5.3537846667
-5.5759909861
-5.8144917447
-6.0693218314
-6.3404214109
-6.6275998111
-6.930494438
-7.248524539
-7.5808398806
-7.9262647734
-8.2832383845
-8.649752956
-9.0232924042
-9.4007748145
-9.7785035307
-10.1521328043
-10.5166551729
-10.8664186959
-11.195182603
-11.496219483
-11.7624705017
-11.9867569669
-12.162046709
-12.2817673184
-12.3401507729
-12.332586363
-12.255952425
-12.1088938082
-11.8920126406
-11.6079456741
-11.2613121302
-10.8585302178
-10.4075160149
-9.9172923555
-9.3975451251
-8.8581682626
-8.3088364795
-7.7586372543
-7.2157830213
-6.6874129231
-6.1794830408
-5.6967360026
-5.242735836
-4.8199517679
-4.4298748229
-4.0731527906
-3.749731711
-3.4589948709
-3.1998930234
-2.9710618899
-2.7709248963
-2.5977805143
-2.4498745818
-2.3254586283
-2.2228356131
-2.1403946645
-2.0766364438
-2.0301907048
-1.999827501
-1.9844633461
